$ 1 0.000005 10.20027730826997 50 5 50 5e-11
L 176 64 112 64 0 1 false 5 0
L 176 176 112 176 0 1 false 5 0
I 176 64 272 64 0 0.5 5
w 176 176 272 176 0
w 272 176 272 96 0
M 384 80 432 80 0 2.5
152 272 80 352 80 0 2 5 5
w 352 80 384 80 0
L 96 400 32 400 0 1 false 5 0
L 96 288 32 288 0 1 false 5 0
151 112 288 192 288 0 2 0 5
w 96 288 96 272 0
w 96 272 112 272 0
w 96 288 96 304 0
w 96 304 112 304 0
151 224 288 304 288 0 2 5 5
151 112 400 192 400 0 2 0 5
w 96 400 96 384 0
w 96 384 112 384 0
w 96 400 96 416 0
w 96 416 112 416 0
w 192 288 224 288 0
w 224 272 224 288 0
w 224 288 224 304 0
151 336 384 416 384 0 2 5 5
w 192 400 336 400 0
w 304 288 336 288 0
w 336 288 336 368 0
M 416 384 464 384 0 2.5
x -10 72 66 75 4 24 CWAIT
x -72 297 4 300 4 24 CWAIT
x -13 180 48 183 4 24 IORQ
x -60 405 1 408 4 24 IORQ
